% This file holds parameter values for use in running serach and learning model code

% Link between X parameter values and parameters used in the model
    % lnF         =  scale_h+log(X(1));
    % delta       =  X(2);
    % scale_h     =  X(3);
    % scale_f     =  scale_h + log(X(4));
    % beta        =  X(5);
    % a           =  X(6);
    % b           =  X(7);
    % L_z         =  X(8);
    % D_z         =  X(9);
    % L_b         =  X(10);
    % gam         =  X(11)*(1+beta)/beta;
    % cost scalar =  X(12);
    % sig p       =  X(13);
    
% for scripts that take a single parameter vector
X = [...
   0.3609683611918   0.2868507582830   7.1136068139812 0.4122510909257   0.1216949778770   1.9803209752869 6.3833001421876   1.0987774339402   0.5930856221560 7.8685968862433   0.1218682426311   206.9336779590497 0.4227070859057;...
];


% for scripts that take multiple parameter vectors
pop = [...  
   0.4958418363767   0.4903019534268   7.2401171956798 0.1596873621437   0.1982513194484   2.1668444127869 5.2966851086909   0.5265645543900   0.4837106221560 10.3476573412415                0.01   276.5570324651405 0.4372334530932;...
   0.4958418363767   0.4903019534268   7.2401171956798 0.1596873621437   0.1982513194484   2.1668444127869 5.2966851086909   0.5265645543900   0.4837106221560 10.3476573412415                0.1   276.5570324651405 0.4372334530932;...
   0.4958418363767   0.4903019534268   7.2401171956798 0.1596873621437   0.1982513194484   2.1668444127869 5.2966851086909   0.5265645543900   0.4837106221560 10.3476573412415                0.1   276.5570324651405 0.4372334530932;...
   0.4958418363767   0.4903019534268   7.2401171956798 0.1596873621437   0.1982513194484   2.1668444127869 5.2966851086909   0.5265645543900   0.4837106221560 10.3476573412415                0.1   276.5570324651405 0.4372334530932;...
   0.4958418363767   0.4903019534268   7.2401171956798 0.1596873621437   0.1982513194484   2.1668444127869 5.2966851086909   0.5265645543900   0.4837106221560 10.3476573412415                0.05   276.5570324651405 0.4372334530932;...
   0.4958418363767   0.4903019534268   7.2401171956798 0.1596873621437   0.1982513194484   2.1668444127869 5.2966851086909   0.5265645543900   0.4837106221560 10.3476573412415                0.15   276.5570324651405 0.4372334530932;...
   0.2671889164973   0.2845442969488   7.1138049398204 0.4122510909257   0.1216949778770   1.8503489197325 7.5338003723979   1.2756175557938   0.5930856221560 7.8761398093361   0.0433977532269   207.8899881120572 0.4228291562182;
   0.3609683611918   0.2868507582830   7.1136068139812 0.4122510909257   0.1216949778770   1.9803209752869 6.3833001421876   1.0987774339402   0.5930856221560 7.8685968862433   0.1218682426311   206.9336779590497 0.4227070859057;...
   0.3609683611918   0.2868507582830   7.1136068139812 0.4122510909257   0.1216949778770   1.9803209752869 6.3833001421876   1.0987774339402   0.5930856221560 7.8685968862433   0.1218682426311   206.9336779590497 0.4227070859057;...
   0.3609683611918   0.2868507582830   7.1136068139812 0.4122510909257   0.1216949778770   1.9803209752869 6.3833001421876   1.0987774339402   0.5930856221560 7.8685968862433   0.1218682426311   206.9336779590497 0.4227070859057;...
   0.3609683611918   0.2868507582830   7.1136068139812 0.4122510909257   0.1216949778770   1.9803209752869 6.3833001421876   1.0987774339402   0.5930856221560 7.8685968862433   0.1218682426311   206.9336779590497 0.4227070859057;...
   ];
