% This file holds parameter values for use in running serach and learning model code

% Link between X parameter values and parameters used in the model
    % lnF         =  scale_h+log(X(1));
    % delta       =  X(2);
    % scale_h     =  X(3);
    % scale_f     =  scale_h + log(X(4));
    % beta        =  X(5);
    % a           =  X(6);
    % b           =  X(7);
    % L_z         =  X(8);
    % D_z         =  X(9);
    % L_b         =  X(10);
    % gam         =  X(11)*(1+beta)/beta;
    % cost scalar =  X(12);
    % sig p       =  X(13);
    
% for scripts that take a single parameter vector
X = [...
   %0.1943930477380   0.2453104276277   9.0422436478983 0.2662888213532   0.0416788862843   0.8430293904631 4.4510131294695   0.4096056460252   0.0985318562579 1.2768491022205   0.3800889628219   432.0297211614394 0.3925683743937;
   %0.4443930477380   0.2400000000000   8.5422436478983 0.2662888213532   0.0416788862843   0.3320161355650 0.3320119564769   0.4000000000000   0.0985318562579 1.2700000000000   0.1921708020068   519.7291282045014 0.3925683743937;
%   0.2767310322761   0.6520142221936   7.9136117874071 0.2825241729157   0.0405192183156   1.6534008604019 3.0860223984423   0.0406665403836   0.0360318562579 1.2132548281828   0.0107809910384   133.6328601731230 0.6284572598484;...
    0.2584086159273   0.6529443228730   7.9150310336038 0.2803881808655   0.0405192183156   1.8447133601736 2.9370433604422   0.9475754855347   0.0379959485125 1.2177183220068   0.0111243137923   132.5653585983683 0.6411793944385;...
        ];


% for scripts that take multiple parameter vectors
pop = [...
    0.2584086159273   0.6529443228730   7.9150310336038 0.2803881808655   0.0405192183156   1.8447133601736 2.9370433604422   0.9475754855347   0.0379959485125 3.2177183220068   0.0111243137923   132.5653585983683 0.6411793944385;...
    0.2584086159273   0.6529443228730   7.9150310336038 0.2803881808655   0.0405192183156   1.8447133601736 2.9370433604422   0.9475754855347   0.0379959485125 2.2177183220068   0.0111243137923   132.5653585983683 0.6411793944385;...
    0.2584086159273   0.6529443228730   7.7150310336038 0.2803881808655   0.0405192183156   1.8447133601736 2.9370433604422   0.9475754855347   0.0379959485125 1.2177183220068   0.0111243137923   132.5653585983683 0.6411793944385;...
    0.2584086159273   0.6529443228730   7.6150310336038 0.2803881808655   0.0405192183156   1.8447133601736 2.9370433604422   0.9475754855347   0.0379959485125 1.2177183220068   0.0111243137923   132.5653585983683 0.6411793944385;...
    0.2584086159273   0.6529443228730   7.8150310336038 0.2803881808655   0.0405192183156   1.8447133601736 2.9370433604422   0.9475754855347   0.0379959485125 1.2177183220068   0.0111243137923   132.5653585983683 0.6411793944385;...
        ];
