% This file holds parameter values for use in running serach and learning model code

% Link between X parameter values and parameters used in the model
    % lnF         =  scale_h+log(X(1));
    % delta       =  X(2);
    % scale_h     =  X(3);
    % scale_f     =  scale_h + log(X(4));
    % beta        =  X(5);
    % a           =  X(6);
    % b           =  X(7);
    % L_z         =  X(8);
    % D_z         =  X(9);
    % L_b         =  X(10);
    % gam         =  X(11)*(1+beta)/beta;
    % cost scalar =  X(12);
    % sig p       =  X(13);
    
% for scripts that take a single parameter vector
X = [...
   0.3609683611918   0.2868686992811   7.1138049398204 0.4122510909257   0.1216949778770   1.9803856612276 6.3829802589602   1.0988716688836   0.5930856221560 7.8685968862433   0.1218538779117   206.9334706540952 0.4227070859057;...
];


% for scripts that take multiple parameter vectors
pop = [...  
   0.3488576659962   0.7199552172908   7.1138049398204 0.1222527041520   0.0408205793996   1.8503489197325 5.4217590459537   0.6691187244717   0.3722044492878 7.8979933635907   0.3304524859260   346.3372296225229 0.5759834119212;...
   0.3921889164973   0.2845442969488   7.1138049398204 0.4122510909257   0.1216949778770   1.8503489197325 7.5338003723979   1.2756175557938   0.5930856221560 7.8761398093361                   0   207.8899881120572 0.4228291562182;...
   0.2671889164973   0.2845442969488   7.1138049398204 0.4122510909257   0.1216949778770   1.8503489197325 7.5338003723979   1.2756175557938   0.5930856221560 7.8761398093361   0.0433977532269   207.8899881120572 0.4228291562182;
   0.2671889164973   0.2845442969488   7.1138049398204 0.4122510909257   0.1216949778770   1.8503489197325 7.5338003723979   1.2756175557938   0.5930856221560 7.8761398093361   0.0433977532269   207.8899881120572 0.4228291562182;
   0.2671889164973   0.2845442969488   7.1138049398204 0.4122510909257   0.1216949778770   1.8503489197325 7.5338003723979   1.2756175557938   0.5930856221560 7.8761398093361   0.0433977532269   207.8899881120572 0.4228291562182;
   0.2671889164973   0.2845442969488   7.1138049398204 0.4122510909257   0.1216949778770   1.8503489197325 7.5338003723979   1.2756175557938   0.5930856221560 7.8761398093361   0.0433977532269   207.8899881120572 0.4228291562182;
   0.2671889164973   0.2845442969488   7.1138049398204 0.4122510909257   0.1216949778770   1.8503489197325 7.5338003723979   1.2756175557938   0.5930856221560 7.8761398093361   0.0433977532269   207.8899881120572 0.4228291562182;
   0.2671889164973   0.2845442969488   7.1138049398204 0.4122510909257   0.1216949778770   1.8503489197325 7.5338003723979   1.2756175557938   0.5930856221560 7.8761398093361   0.0433977532269   207.8899881120572 0.4228291562182;
   0.2671889164973   0.2845442969488   7.1138049398204 0.4122510909257   0.1216949778770   1.8503489197325 7.5338003723979   1.2756175557938   0.5930856221560 7.8761398093361   0.0433977532269   207.8899881120572 0.4228291562182;
   ];
