% This file holds parameter values for use in running serach and learning model code

% Link between X parameter values and parameters used in the model
    % lnF         =  scale_h+log(X(1));
    % delta       =  X(2);
    % scale_h     =  X(3);
    % scale_f     =  scale_h + log(X(4));
    % beta        =  X(5);
    % a           =  X(6);
    % b           =  X(7);
    % L_z         =  X(8);
    % D_z         =  X(9);
    % L_b         =  X(10);
    % gam         =  X(11)*(1+beta)/beta;
    % cost scalar =  X(12);
    % sig p       =  X(13);
    
% for scripts that take a single parameter vector
X = [...
   %0.1943930477380   0.2453104276277   9.0422436478983 0.2662888213532   0.0416788862843   0.8430293904631 4.4510131294695   0.4096056460252   0.0985318562579 1.2768491022205   0.3800889628219   432.0297211614394 0.3925683743937;
   %0.4443930477380   0.2400000000000   8.5422436478983 0.2662888213532   0.0416788862843   0.3320161355650 0.3320119564769   0.4000000000000   0.0985318562579 1.2700000000000   0.1921708020068   519.7291282045014 0.3925683743937;
   0.2689185322761   0.6136052198340   7.8038095413133 0.2662888213532   0.0416788862843   0.4101411355650 2.6465692734423   0.2982710857792   0.0985318562579 1.2327860781828   0.0388571629134   282.6311358294082 0.8102863056850;...
        ];

% for scripts that take multiple parameter vectors
pop = [...
   0.4443930477380   0.2400000000000   8.5422436478983 0.2662888213532   0.0416788862843   0.3320161355650 0.3320119564769   0.4000000000000   0.0985318562579 1.2700000000000   0.1921708020068   519.7291282045014 0.3925683743937;
   0.4443930477380   0.2400000000000   8.5422436478983 0.2662888213532   0.0416788862843   0.3320161355650 0.3320119564769   0.4000000000000   0.0985318562579 1.2700000000000   0.1921708020068   519.7291282045014 0.3925683743937;
   0.1943930477380   0.2453104276277   9.0422436478983 0.2662888213532   0.0416788862843   0.8430293904631 4.4510131294695   0.4096056460252   0.0985318562579 2.2768491022205   0.3800889628219   432.0297211614394 0.3925683743937;
   0.19   0.24   9.04 0.26   0.041   0.84 4.45   0.40   0.098 1.27   0.38   432.02 0.39;
        ];
