% This file holds parameter values for use in running serach and learning model code

% Link between X parameter values and parameters used in the model
    % lnF         =  scale_h+log(X(1));
    % delta       =  X(2);
    % scale_h     =  X(3);
    % scale_f     =  scale_h + log(X(4));
    % beta        =  X(5);
    % a           =  X(6);
    % b           =  X(7);
    % L_z         =  X(8);
    % D_z         =  X(9);
    % L_b         =  X(10);
    % gam         =  X(11)*(1+beta)/beta;
    % cost scalar =  X(12);
    % sig p       =  X(13);
    
% for scripts that take a single parameter vector
% X = [...
%    0.3609683611918   0.2868507582830   7.1136068139812 0.4122510909257   0.1216949778770   1.9803209752869 6.3833001421876   1.0987774339402   0.5930856221560 7.8685968862433   0.1218682426311   206.9336779590497 0.4227070859057;...
% ];
X = [...
 0.0684458688252 0.5034037538364 7.2538962462762 0.3028722728426  0.0800336914421 0.8747312107198 3.2202149316387 0.3027610580357 0.6812721516050 0.720245550190  0.1426631678854 111.2719996030180 1.383567908105];
% for scripts that take multiple parameter vectors
% pop = [...
%     0.463979759976  0.503841728766  7.27545950802   0.323137077206   0.0948836224438 0.389953760158  3.63669078353   0.27159568173   0.166877086946  0.728507007276  0.399899648598  111.43077909      0.983583440389;...
%     0.0684458688252 0.5034037538364 7.2538962462762 0.3028722728426  0.0800336914421 0.8747312107198 3.2202149316387 0.3027610580357 0.6812721516050 0.720245550190  0.1426631678854 111.2719996030180 1.3835679081058;...
%     0.1279551461689 0.9788849262550 7.6756653631478 0.4138352536771  0.0953892784477 0.9584714450948 3.1176949837920 0.5920439419850 0.8519467305576 4.8280861919686 0.3322024818142 111.2967531735746 1.1547988776429;...
%     0.0684458688252 0.5034037538364 6.2538962462762 0.3028722728426  0.0800336914421 0.8747312107198 3.2202149316387 0.3027610580357 0.6812721516050 1.720245550190  0.1426631678854 111.2719996030180 1.383567908105;...
%     0.0684458688252 0.5034037538364 6.2538962462762 0.3028722728426  0.0800336914421 0.8747312107198 3.2202149316387 0.3027610580357 0.6812721516050 1.720245550190  0.1426631678854 111.2719996030180 1.383567908105];

pop = [... 
0.0975185409539 0.5008162268 6.22679854425 0.316293331497 0.0760310756327 0.878721562874 3.23491121677 0.292207459632 0.665373685495 1.72313673309 0.145960392526 110.294743782 1.38729491204;...
0.0966154113762 0.5020220883 6.2264103988  0.31570396077  0.0760310756327 0.879297462951 3.23409201053 0.29286215705  0.665180313126 1.72293520979 0.146017240456 110.295964485 1.38729491204;... 
0.097208686208  0.5008162268 6.22676051649 0.31570396077  0.0760310756327 0.879297462951 3.23409201053 0.292492608252 0.665373685495 1.72293520979 0.146017240456 110.29446507  1.38724527627;... 
0.0972191766255 0.5008162268 6.22679854425 0.31570396077  0.0760310756327 0.879610268127 3.23409201053 0.29238889617  0.665180313126 1.72205203286 0.146051975063 110.29446507  1.38741698235;... 
0.0972191766255 0.5008162268 6.22679854425 0.31570396077  0.0760310756327 0.879610268127 3.23409201053 0.29238889617  0.665180313126 1.72205203286 0.156051975063 110.29446507  1.38741698235;... 
0.0972191766255 0.5008162268 6.22679854425 0.31570396077  0.0760310756327 0.879610268127 3.23409201053 0.29238889617  0.665180313126 1.72205203286 0.156051975063 112.29446507  1.38741698235;... 
0.0972191766255 0.5008162268 6.22679854425 0.31570396077  0.0760310756327 0.879610268127 3.23409201053 0.29238889617  0.665180313126 1.72205203286 0.166051975063 111.29446507  1.38741698235]; 