% This file holds parameter values for use in running serach and learning model code

% for scripts that take a single parameter vector
X = [...
   0.1943930477380   0.2453104276277   9.0422436478983 0.2662888213532   0.0416788862843   0.8430293904631 4.4510131294695   0.4127794741502   0.0985318562579 1.2768491022205   0.3800889628219   432.0297211614394 0.3925683743937;...
        ];

% for scripts that take multiple parameter vectors
pop = [...
   0.1943930477380   0.2453104276277   9.0422436478983 0.2662888213532   0.0416788862843   0.8430293904631 4.4510131294695   0.4127794741502   0.0985318562579 1.2768491022205   0.3800889628219   432.0297211614394 0.3925683743937;...
   0.1943930477380   0.2453104276277   9.0422436478983 0.2662888213532   0.0416788862843   0.8430293904631 4.4510131294695   0.4127794741502   0.0985318562579 1.2768491022205   0.3800889628219   432.0297211614394 0.3925683743937;...
   0.1943930477380   0.2453104276277   9.0422436478983 0.2662888213532   0.0416788862843   0.8430293904631 4.4510131294695   0.4127794741502   0.0985318562579 1.2768491022205   0.3800889628219   432.0297211614394 0.3925683743937;...
   0.1943930477380   0.2453104276277   9.0422436478983 0.2662888213532   0.0416788862843   0.8430293904631 4.4510131294695   0.4127794741502   0.0985318562579 1.2768491022205   0.3800889628219   432.0297211614394 0.3925683743937;...
   0.1943930477380   0.2453104276277   9.0422436478983 0.2662888213532   0.0416788862843   0.8430293904631 4.4510131294695   0.4127794741502   0.0985318562579 1.2768491022205   0.3800889628219   432.0297211614394 0.3925683743937;...
        ];
