
mmm =

   0.618000000000000   0.519452757588713
   0.321000000000000   0.395468148781531
   0.048000000000000   0.069687900812313
   0.013000000000000   0.015391192817443
   0.271000000000000   0.384070796460177
   0.375000000000000   0.173451327433628
   0.241000000000000   0.309734513274336
   0.113000000000000   0.132743362831858
   0.694000000000000   0.637814579476660
   0.515000000000000   0.289542754524106
   0.450000000000000   0.269103636010111
   0.424000000000000   0.272146847565842
   0.389000000000000   0.263523391812865
  -2.070300000000000  -3.108613236677982
   0.109800000000000   0.617954245870382
  12.257000000000000  12.738163258939135
   2.281000000000000   1.406445998740154
   0.709000000000000   0.502958579881657
   0.383000000000000   0.276785714285714
   0.300000000000000   0.106995884773663
   0.263000000000000   0.239631336405530
   0.293000000000000   0.090909090909091
   4.824000000000000   5.402174438169947
  11.181400000000000  11.678485464205592
  12.339600000000001  12.628403125398640
  12.645260000000000  12.806402778430241
  12.756360000000001  12.815987807772666
  12.840100000000000  12.849175298373591
   2.677000000000000   0.880403950313483
  -0.143000000000000  -0.154929564210637
   2.180000000000000   1.202638903053003
   1.077330246790971   5.152793405299224
   0.744000000000000   0.509849632983015
   2.127000000000000   1.286305448767571
   0.318000000000000   0.408769629321644
   0.848400000000000   0.655234941245994
   1.389100000000000   0.905405509633736
   0.986400000000000   0.676459822831866
   0.409300000000000   0.743852165728895


X =

   1.0e+02 *

  Columns 1 through 3

   0.000968627409766   0.001268472025996   0.107197810687297

  Columns 4 through 6

   0.005080052789763   0.000822185580385   0.012125207260068

  Columns 7 through 9

   0.040343060485555   0.008097175795200   0.000515746775105

  Columns 10 through 12

   0.003370784896322   0.000816806661816   0.095596929422761

  Columns 13 through 14

   0.001977405854859   1.824492298503510


D =

     2.564744723172287e+05


Old_D =

   0.161588605199874


last_loop_run_time =

   8.816861299999999
   
   0.1340611886138    0.0968627409766
   0.1302128159986    0.1268472025996
   10.0325890398832   10.7197810687297
   0.5879408294757    0.5080052789763
   0.0622525309197    0.0822185580385
   0.5711740448797    1.2125207260068
   9.2105654192545    4.0343060485555
   0.0420263648961    0.8097175795200
   0.0803515255128    0.0515746775105
   0.2480617991932    0.3370784896322
   0.2461004377215    0.0816806661816
   7.8077669316467    9.5596929422761
   0.3442626654259    0.1977405854859
   166.3152171208176; 182.4492298503510;
   
   0.134  0.096
   0.130  0.126
   10.03  10.71
   0.587  0.508
   0.062  0.082
   0.571  1.212
   9.210  4.034
   0.042  0.809
   0.080  0.051
   0.248  0.337
   0.246  0.081
   7.807  9.559
   0.344  0.197
   166.3; 182.4
